2 101001011011000010110100110010101010100000101011 + 1010101010101010110110101101
2 1010101010101011100111 - 101101111111110110111010101111111111111111
2 101101111111010101010110101111010011 * 1011010110101011010101011101111
2 11111111110101101111111111111010101111111111111010101101 % 101011111111111111111111111111111111111010
2 10 111010101101111111111111111111111101010101111111010101
2 1011111111111010111 & 1010101101
2 1011111111111010111 | 1010101101
2 1011111111111010111 ^ 1010101101
2 ~ 1011111111111010111
2 10110101101011111111111111101010111111101101101010111110101010101 >> 4
2 10110101101011111111111111101010111111101101101010111110101010101 << 4
2 abs 10101010101011101111
2 min 10101010101011101111 10101011
2 max 10101010101011101111 10101011
2 pow 1111101111101 10111
2 digits 10101010101011101111
2 to_string 101000010101010010110101001011011110101010101010
2 to_base32 1010111111110101011
2 to_base58 10101010101011101111
2 to_base64 111111110000001000000101010
2 is_prime 01101010101010000001011101010010101010101010
10 29375927592837498275398 + 12337534975298234798237498723124
10 3468967987052730487298472983 - 36870857293874928749283749276487261
10 874567936873 * 20202282393932923
10 5864509904580360338578973498 % 5847935276348812983532
10 2 13103010148395392
10 3636567566353 & 55474572524248848
10 9797984983857398573772347 | 8464644564116516
10 516116161616161 ^ 4564564651487978778798787
10 ~ 2000000
10 2534636342242234242 >> 10
10 3463537412 << 12
10 -9 >> 1
10 abs -8792847239
10 min 12323423522624 23134635524242
10 max 234242635745645643522 1232432423424233232
10 pow 2000 15
10 digits 3386304857348957207928479270802420347
10 to_string 33423523
10 to_base32 2232312
10 to_base58 47647457345
10 to_base64 6585856747434
10 is_prime 22953686867719691230002707821868552601124472329079